00f3

008c

00e2

00ad

00b6

0093

00b8

0071

0126

00e3

00fd

00be

00cc

0091

00ab

0073

00b6

008f

00ab

0088

00a4

0072

0080

005d

00d3

0084

00ec

008f

009f

0088

00a1

0076

0113

00d6

0135

00e4

0116

00c8

00e0

00b5

009b

0097

00ac

0081

00aa

0050

007a

0047

00b4

0097

00bf

0091

00ae

0076

0086

005e

00c6

00ab

0102

008e

00a7

0056

0099

004c

Matrix 0 (A) is
[[ 8.  3.  0.  4.  7.  2.  1.  9.]
 [ 2.  5.  1.  6.  4.  6.  0.  5.]
 [ 3.  9.  7.  2.  9.  9.  4.  6.]
 [ 2.  5.  3.  4.  3.  8.  2.  4.]
 [ 8.  7.  1.  9.  3.  4.  1.  9.]
 [ 0.  1.  6.  4.  4.  8.  0.  9.]
 [ 1.  6.  0.  8.  4.  5.  6.  0.]
 [ 0.  2.  5.  8.  1.  8.  9.  3.]]
Matrix 1 (B) is
[[ 6.  6.  7.  9.  1.  4.  4.  5.]
 [ 4.  1.  8.  4.  4.  0.  3.  6.]
 [ 1.  9.  7.  7.  5.  1.  2.  1.]
 [ 2.  6.  8.  8.  1.  2.  0.  3.]
 [ 6.  7.  0.  5.  7.  9.  7.  9.]
 [ 7.  6.  4.  4.  2.  6.  6.  9.]
 [ 4.  9.  2.  3.  0.  6.  0.  4.]
 [ 5.  9.  2.  9.  4.  7.  5.  3.]]
Answer is
[[ 173.  226.  140.  243.  113.  184.  147.  182.]
 [ 136.  171.  143.  182.   93.  128.  114.  164.]
 [ 228.  309.  214.  275.  181.  224.  200.  278.]
 [ 145.  191.  151.  180.   94.  134.  118.  174.]
 [ 190.  253.  227.  294.  115.  171.  145.  204.]
 [ 143.  236.  132.  211.  118.  161.  136.  159.]
 [ 129.  172.  151.  155.   71.  122.   80.  170.]
 [ 142.  258.  171.  198.   76.  153.   86.  167.]]
Your answer is:
[[ 173.  226.  140.  243.  113.  184.  147.  182.]
 [ 136.  171.  143.  182.   93.  128.  114.  164.]
 [ 228.  309.  214.  275.  181.  224.  200.  278.]
 [ 145.  191.  151.  180.   94.  134.  118.  174.]
 [ 190.  253.  227.  294.  115.  171.  145.  204.]
 [ 143.  236.  132.  211.  118.  161.  136.  159.]
 [ 129.  172.  151.  155.   71.  122.   80.  170.]
 [ 142.  258.  171.  198.   76.  153.   86.  167.]]
##########

                                   ___
                               ,-""   `.
       Thank Mr. Goose       ,'  _   ' )`-._
                            /  ,' `-._<.===-'
                           /  /
                          /  ;
              _          /   ;
 (`._    _.-"" ""--..__,'    |
 <_  `-""                     \
  <`-                          :
   (__   <__.                  ;
     `-.   '-.__.      _.'    /
        \      `-.__,-'    _,'
         `._    ,    /__,-'
            ""._\__,'< <____
                 | |  `----.`.
                 | |        \ `.
                 ; |___      \-``
                 \   --<
                  `.`.<
                    `-'
                    

##########
