Matrix 0 (A) is
[[ 7.  4.  6.  4.  0.  2.  6.  5.  5.  8.  1.  6.  4.  7.  1.  5.  7.  9.
   1.  2.  7.  3.  3.  7.  7.  3.  0.  5.]
 [ 8.  9.  5.  1.  9.  4.  3.  9.  4.  2.  7.  9.  0.  7.  8.  1.  3.  8.
   0.  5.  6.  0.  6.  7.  5.  5.  2.  4.]
 [ 1.  0.  2.  8.  3.  5.  2.  7.  4.  2.  4.  5.  1.  7.  5.  6.  3.  9.
   0.  1.  8.  6.  8.  3.  8.  4.  1.  1.]
 [ 9.  5.  6.  1.  3.  1.  8.  0.  9.  4.  0.  8.  8.  7.  5.  0.  1.  7.
   9.  7.  9.  8.  0.  4.  2.  7.  0.  6.]
 [ 1.  1.  0.  9.  1.  1.  2.  5.  1.  3.  3.  1.  2.  7.  9.  0.  3.  4.
   2.  7.  0.  5.  6.  1.  8.  6.  7.  5.]
 [ 0.  9.  9.  1.  7.  0.  0.  5.  9.  5.  8.  4.  7.  4.  4.  6.  4.  1.
   8.  6.  0.  9.  7.  6.  7.  5.  0.  7.]
 [ 6.  0.  6.  3.  6.  2.  6.  1.  2.  0.  6.  0.  8.  7.  6.  2.  5.  6.
   1.  3.  0.  9.  3.  6.  4.  3.  6.  2.]
 [ 7.  6.  8.  7.  0.  3.  5.  8.  5.  7.  5.  2.  0.  5.  5.  1.  1.  3.
   8.  1.  4.  3.  5.  4.  1.  1.  8.  0.]
 [ 6.  3.  8.  4.  5.  6.  9.  5.  9.  7.  6.  7.  1.  7.  1.  5.  7.  8.
   9.  0.  2.  2.  5.  0.  0.  8.  7.  9.]
 [ 1.  8.  8.  0.  1.  3.  4.  2.  3.  8.  9.  2.  1.  0.  3.  9.  1.  1.
   5.  8.  7.  3.  7.  8.  4.  4.  4.  3.]
 [ 2.  1.  7.  7.  4.  6.  7.  1.  5.  7.  8.  5.  4.  8.  8.  7.  0.  1.
   9.  9.  4.  5.  6.  1.  4.  3.  7.  6.]
 [ 4.  0.  7.  2.  8.  2.  5.  8.  9.  0.  9.  6.  8.  7.  6.  8.  7.  3.
   0.  4.  1.  2.  3.  4.  4.  8.  3.  7.]
 [ 6.  7.  1.  0.  5.  7.  0.  0.  0.  1.  3.  0.  1.  9.  5.  3.  6.  9.
   5.  4.  4.  6.  6.  1.  4.  8.  1.  6.]
 [ 6.  9.  5.  1.  3.  9.  8.  9.  8.  8.  5.  6.  7.  4.  9.  1.  5.  9.
   4.  9.  7.  1.  8.  9.  5.  2.  1.  7.]
 [ 0.  4.  5.  8.  5.  1.  3.  9.  7.  1.  3.  6.  0.  2.  1.  4.  7.  7.
   7.  1.  7.  2.  7.  9.  5.  6.  9.  1.]
 [ 2.  3.  8.  2.  8.  3.  6.  3.  4.  4.  0.  0.  0.  5.  7.  6.  8.  5.
   3.  9.  0.  0.  3.  1.  3.  0.  5.  4.]
 [ 1.  8.  7.  7.  9.  6.  3.  9.  4.  4.  4.  9.  2.  7.  1.  4.  7.  0.
   6.  2.  0.  0.  4.  2.  7.  0.  0.  6.]
 [ 9.  9.  0.  4.  2.  1.  1.  8.  6.  0.  5.  1.  3.  7.  8.  5.  8.  3.
   8.  0.  8.  0.  2.  4.  0.  1.  7.  6.]
 [ 4.  1.  5.  6.  3.  7.  1.  1.  7.  6.  4.  4.  2.  2.  0.  2.  3.  0.
   4.  1.  6.  5.  9.  2.  5.  8.  6.  9.]
 [ 4.  6.  7.  8.  6.  1.  7.  1.  3.  8.  0.  6.  8.  8.  4.  0.  8.  2.
   5.  7.  3.  6.  7.  5.  8.  3.  7.  7.]
 [ 6.  5.  2.  9.  5.  8.  7.  9.  9.  3.  8.  3.  5.  7.  7.  9.  8.  8.
   2.  6.  2.  7.  6.  4.  9.  6.  1.  4.]
 [ 7.  0.  3.  8.  5.  7.  7.  4.  9.  8.  1.  4.  6.  0.  5.  5.  6.  9.
   1.  7.  1.  1.  5.  6.  8.  4.  0.  7.]
 [ 0.  8.  9.  6.  0.  6.  7.  2.  0.  9.  5.  6.  6.  3.  6.  7.  1.  8.
   3.  3.  9.  3.  8.  5.  0.  8.  3.  8.]
 [ 5.  0.  9.  9.  8.  5.  1.  6.  8.  0.  8.  6.  8.  5.  8.  2.  4.  2.
   5.  2.  7.  6.  9.  1.  0.  9.  5.  9.]
 [ 5.  4.  9.  9.  0.  2.  9.  0.  5.  3.  7.  1.  1.  4.  7.  5.  8.  9.
   9.  8.  0.  1.  6.  3.  1.  0.  1.  8.]
 [ 6.  3.  5.  4.  0.  0.  9.  0.  6.  8.  0.  7.  2.  5.  7.  6.  4.  2.
   4.  7.  5.  0.  8.  3.  0.  2.  4.  3.]
 [ 2.  2.  5.  8.  2.  8.  2.  7.  1.  0.  4.  9.  6.  7.  5.  6.  1.  1.
   6.  9.  4.  2.  6.  1.  4.  5.  8.  0.]
 [ 6.  7.  6.  1.  0.  6.  9.  8.  3.  4.  8.  3.  5.  9.  5.  1.  0.  6.
   2.  4.  9.  6.  4.  9.  0.  5.  4.  4.]]
Matrix 1 (B) is
[[ 5.  4.  1.  7.  8.  3.  2.  9.  6.  3.  6.  8.  7.  7.  7.  4.  3.  8.
   3.  8.  3.  4.  2.  7.  0.  7.  8.  9.]
 [ 7.  5.  5.  8.  6.  0.  1.  1.  9.  1.  2.  7.  3.  4.  0.  6.  5.  4.
   9.  3.  5.  7.  9.  0.  2.  7.  8.  2.]
 [ 1.  1.  0.  6.  5.  0.  3.  8.  2.  9.  2.  2.  7.  0.  2.  1.  3.  9.
   5.  1.  9.  5.  4.  4.  7.  2.  6.  7.]
 [ 6.  6.  0.  6.  5.  8.  9.  9.  7.  2.  2.  8.  8.  7.  3.  4.  5.  4.
   4.  2.  4.  8.  7.  1.  8.  1.  4.  1.]
 [ 5.  4.  5.  2.  0.  0.  9.  1.  4.  9.  9.  8.  7.  5.  1.  7.  5.  1.
   7.  3.  7.  5.  3.  6.  4.  4.  1.  6.]
 [ 8.  3.  3.  3.  1.  9.  8.  7.  9.  0.  0.  3.  7.  1.  1.  1.  3.  3.
   1.  4.  5.  1.  2.  4.  9.  9.  0.  0.]
 [ 9.  2.  5.  6.  7.  7.  3.  3.  7.  8.  3.  0.  0.  7.  0.  7.  9.  7.
   8.  1.  3.  1.  3.  9.  4.  9.  0.  7.]
 [ 8.  5.  1.  0.  8.  6.  0.  3.  2.  7.  3.  5.  8.  5.  5.  9.  8.  4.
   7.  7.  9.  9.  2.  4.  1.  7.  4.  0.]
 [ 0.  7.  2.  3.  4.  4.  4.  4.  1.  0.  0.  7.  2.  0.  1.  6.  1.  7.
   9.  6.  0.  9.  8.  0.  1.  9.  1.  3.]
 [ 0.  8.  1.  1.  9.  5.  5.  6.  7.  4.  7.  8.  1.  0.  3.  5.  0.  3.
   1.  5.  7.  8.  4.  6.  3.  4.  1.  8.]
 [ 5.  6.  9.  9.  7.  3.  0.  1.  0.  2.  1.  9.  2.  9.  7.  5.  5.  5.
   8.  7.  9.  9.  1.  8.  4.  1.  8.  6.]
 [ 0.  0.  0.  0.  7.  1.  7.  1.  5.  3.  1.  4.  7.  2.  3.  1.  5.  4.
   4.  0.  1.  6.  3.  0.  2.  7.  1.  7.]
 [ 6.  1.  0.  9.  3.  4.  5.  7.  3.  0.  5.  9.  0.  7.  5.  9.  0.  8.
   8.  9.  0.  7.  3.  3.  3.  5.  9.  3.]
 [ 7.  4.  0.  4.  3.  4.  3.  0.  5.  2.  5.  8.  3.  4.  4.  3.  3.  1.
   2.  7.  8.  3.  1.  2.  9.  4.  8.  0.]
 [ 2.  1.  0.  5.  7.  4.  7.  4.  7.  0.  8.  3.  5.  1.  8.  7.  0.  5.
   0.  1.  2.  8.  7.  5.  9.  6.  7.  7.]
 [ 0.  4.  0.  2.  5.  8.  1.  8.  6.  1.  3.  0.  6.  4.  0.  0.  9.  3.
   7.  4.  7.  3.  2.  2.  5.  9.  2.  7.]
 [ 5.  1.  6.  8.  0.  3.  8.  0.  1.  1.  6.  5.  5.  6.  6.  4.  6.  2.
   6.  7.  8.  2.  5.  6.  6.  9.  9.  6.]
 [ 8.  7.  8.  6.  5.  7.  0.  0.  8.  9.  3.  9.  8.  4.  9.  0.  3.  9.
   1.  2.  8.  4.  0.  6.  1.  2.  1.  9.]
 [ 7.  8.  0.  2.  2.  4.  4.  9.  7.  7.  7.  0.  5.  6.  6.  3.  9.  2.
   8.  0.  5.  8.  3.  5.  9.  3.  1.  1.]
 [ 7.  0.  7.  1.  3.  2.  7.  1.  0.  6.  4.  0.  9.  9.  1.  9.  7.  0.
   3.  8.  5.  7.  4.  6.  6.  2.  9.  5.]
 [ 0.  8.  6.  4.  0.  6.  3.  6.  3.  5.  5.  5.  5.  3.  1.  8.  8.  5.
   2.  1.  7.  0.  1.  5.  6.  7.  7.  5.]
 [ 2.  2.  1.  8.  5.  0.  9.  0.  7.  1.  3.  7.  7.  5.  8.  0.  0.  6.
   9.  7.  2.  4.  5.  2.  8.  7.  4.  5.]
 [ 3.  4.  5.  7.  4.  7.  9.  8.  9.  9.  1.  7.  2.  4.  6.  4.  9.  0.
   4.  5.  3.  6.  1.  5.  5.  3.  2.  3.]
 [ 1.  7.  0.  5.  5.  1.  3.  6.  2.  4.  0.  8.  4.  4.  5.  1.  8.  4.
   5.  6.  9.  5.  5.  5.  2.  8.  4.  8.]
 [ 2.  0.  8.  2.  6.  9.  9.  7.  7.  4.  5.  0.  0.  8.  2.  1.  7.  8.
   3.  5.  5.  8.  1.  7.  1.  8.  1.  7.]
 [ 8.  5.  2.  5.  9.  4.  3.  4.  0.  0.  5.  4.  6.  8.  0.  5.  9.  9.
   2.  7.  4.  2.  4.  6.  1.  1.  9.  1.]
 [ 9.  9.  0.  3.  0.  7.  2.  0.  7.  0.  6.  0.  1.  6.  8.  3.  6.  6.
   8.  7.  4.  3.  0.  7.  4.  1.  3.  2.]
 [ 9.  0.  7.  6.  2.  1.  5.  7.  6.  2.  3.  0.  3.  0.  4.  5.  6.  6.
   1.  7.  8.  6.  4.  1.  5.  1.  3.  0.]]
Answer is
[[ 516.  495.  380.  575.  614.  542.  528.  560.  611.  479.  440.  647.
   560.  518.  459.  479.  622.  648.  539.  573.  705.  626.  406.  532.
   485.  706.  531.  641.]
 [ 633.  536.  468.  602.  670.  510.  574.  501.  643.  557.  499.  732.
   681.  592.  519.  611.  710.  639.  596.  608.  777.  742.  448.  608.
   524.  711.  630.  660.]
 [ 468.  470.  364.  499.  530.  588.  562.  484.  591.  434.  385.  604.
   566.  505.  451.  421.  593.  537.  478.  492.  619.  584.  329.  478.
   523.  606.  441.  514.]
 [ 601.  513.  359.  628.  623.  456.  590.  571.  627.  491.  530.  653.
   626.  573.  486.  601.  609.  722.  629.  583.  607.  680.  490.  547.
   583.  699.  621.  633.]
 [ 542.  368.  306.  453.  474.  481.  539.  390.  521.  317.  418.  446.
   449.  515.  451.  442.  502.  459.  407.  513.  500.  584.  334.  456.
   495.  410.  469.  379.]
 [ 559.  503.  413.  653.  643.  443.  659.  591.  610.  495.  490.  677.
   596.  599.  501.  582.  675.  634.  770.  679.  731.  858.  537.  529.
   608.  685.  620.  597.]
 [ 539.  391.  306.  601.  475.  420.  516.  406.  514.  379.  438.  580.
   479.  554.  513.  429.  476.  574.  561.  570.  560.  543.  340.  533.
   513.  535.  530.  544.]
 [ 529.  566.  240.  509.  560.  497.  437.  525.  599.  442.  414.  562.
   510.  480.  482.  475.  559.  542.  579.  476.  609.  643.  389.  506.
   526.  547.  472.  482.]
 [ 753.  635.  417.  656.  659.  619.  597.  616.  724.  550.  537.  667.
   658.  595.  548.  575.  757.  725.  715.  640.  791.  733.  464.  635.
   642.  694.  546.  606.]
 [ 449.  512.  383.  525.  561.  467.  470.  547.  543.  451.  388.  498.
   495.  512.  380.  485.  671.  522.  592.  523.  680.  638.  397.  541.
   519.  586.  517.  578.]
 [ 653.  556.  380.  606.  623.  622.  693.  649.  721.  502.  547.  581.
   622.  627.  522.  602.  707.  621.  670.  620.  716.  783.  461.  623.
   762.  645.  578.  599.]
 [ 624.  461.  396.  626.  625.  523.  584.  533.  515.  443.  495.  652.
   612.  619.  492.  612.  681.  679.  688.  699.  723.  732.  446.  579.
   554.  692.  640.  602.]
 [ 586.  414.  401.  553.  446.  436.  509.  412.  586.  368.  448.  546.
   539.  499.  445.  409.  543.  489.  430.  527.  605.  496.  334.  481.
   527.  519.  531.  446.]
 [ 769.  638.  552.  747.  775.  684.  729.  710.  812.  643.  570.  820.
   733.  672.  618.  774.  810.  774.  732.  753.  873.  913.  577.  730.
   685.  904.  706.  768.]
 [ 573.  621.  357.  535.  537.  573.  551.  525.  587.  516.  437.  609.
   605.  586.  494.  498.  769.  596.  673.  535.  713.  672.  416.  551.
   519.  639.  486.  540.]
 [ 503.  353.  329.  422.  400.  418.  495.  390.  496.  437.  444.  392.
   497.  428.  359.  451.  518.  426.  475.  447.  590.  527.  357.  482.
   512.  514.  426.  496.]
 [ 558.  414.  350.  478.  520.  465.  602.  517.  593.  470.  422.  557.
   563.  494.  371.  496.  634.  477.  609.  500.  685.  701.  430.  441.
   549.  638.  453.  463.]
 [ 586.  550.  311.  566.  475.  477.  417.  491.  567.  335.  480.  581.
   522.  515.  512.  554.  610.  527.  597.  551.  641.  624.  414.  474.
   524.  624.  597.  453.]
 [ 500.  478.  337.  520.  477.  498.  591.  578.  566.  361.  389.  521.
   482.  460.  401.  442.  589.  551.  508.  550.  565.  582.  369.  468.
   515.  521.  438.  425.]
 [ 682.  515.  408.  685.  616.  562.  780.  618.  743.  533.  593.  681.
   597.  663.  548.  626.  706.  664.  695.  684.  723.  780.  519.  623.
   680.  702.  643.  642.]
 [ 785.  620.  532.  775.  789.  765.  780.  688.  802.  544.  576.  830.
   778.  789.  617.  690.  825.  785.  800.  809.  858.  897.  570.  710.
   722.  908.  708.  731.]
 [ 605.  487.  437.  587.  641.  629.  686.  656.  662.  501.  480.  650.
   622.  579.  476.  569.  646.  674.  564.  635.  671.  740.  474.  601.
   527.  725.  492.  670.]
 [ 631.  574.  409.  681.  671.  598.  585.  656.  734.  516.  468.  658.
   623.  543.  483.  573.  721.  691.  590.  559.  761.  690.  470.  579.
   651.  642.  602.  621.]
 [ 687.  569.  387.  726.  621.  573.  727.  678.  652.  495.  545.  749.
   714.  629.  593.  671.  709.  722.  703.  690.  726.  798.  503.  591.
   719.  646.  691.  556.]
 [ 633.  471.  423.  648.  564.  521.  557.  582.  633.  519.  440.  546.
   592.  559.  517.  507.  647.  582.  585.  515.  696.  698.  462.  563.
   643.  567.  545.  597.]
 [ 441.  434.  270.  475.  529.  472.  508.  513.  564.  422.  421.  475.
   470.  442.  386.  494.  570.  483.  491.  453.  517.  568.  395.  479.
   510.  577.  465.  554.]
 [ 601.  456.  276.  477.  522.  574.  589.  533.  591.  409.  435.  501.
   612.  595.  440.  514.  661.  514.  572.  544.  591.  646.  359.  502.
   617.  571.  545.  447.]
 [ 662.  580.  388.  667.  655.  535.  485.  531.  635.  492.  443.  705.
   595.  589.  528.  601.  670.  677.  634.  637.  746.  659.  425.  606.
   590.  695.  648.  589.]]
Your answer is:
[[ 516.  495.  380.  575.  614.  542.  528.  560.  611.  479.  440.  647.
   560.  518.  459.  479.  622.  648.  539.  573.  705.  626.  406.  532.
   485.  706.  531.  641.]
 [ 633.  536.  468.  602.  670.  510.  574.  501.  643.  557.  499.  732.
   681.  592.  519.  611.  710.  639.  596.  608.  777.  742.  448.  608.
   524.  711.  630.  660.]
 [ 468.  470.  364.  499.  530.  588.  562.  484.  591.  434.  385.  604.
   566.  505.  451.  421.  593.  537.  478.  492.  619.  584.  329.  478.
   523.  606.  441.  514.]
 [ 601.  513.  359.  628.  623.  456.  590.  571.  627.  491.  530.  653.
   626.  573.  486.  601.  609.  722.  629.  583.  607.  680.  490.  547.
   583.  699.  621.  633.]
 [ 542.  368.  306.  453.  474.  481.  539.  390.  521.  317.  418.  446.
   449.  515.  451.  442.  502.  459.  407.  513.  500.  584.  334.  456.
   495.  410.  469.  379.]
 [ 559.  503.  413.  653.  643.  443.  659.  591.  610.  495.  490.  677.
   596.  599.  501.  582.  675.  634.  770.  679.  731.  858.  537.  529.
   608.  685.  620.  597.]
 [ 539.  391.  306.  601.  475.  420.  516.  406.  514.  379.  438.  580.
   479.  554.  513.  429.  476.  574.  561.  570.  560.  543.  340.  533.
   513.  535.  530.  544.]
 [ 529.  566.  240.  509.  560.  497.  437.  525.  599.  442.  414.  562.
   510.  480.  482.  475.  559.  542.  579.  476.  609.  643.  389.  506.
   526.  547.  472.  482.]
 [ 753.  635.  417.  656.  659.  619.  597.  616.  724.  550.  537.  667.
   658.  595.  548.  575.  757.  725.  715.  640.  791.  733.  464.  635.
   642.  694.  546.  606.]
 [ 449.  512.  383.  525.  561.  467.  470.  547.  543.  451.  388.  498.
   495.  512.  380.  485.  671.  522.  592.  523.  680.  638.  397.  541.
   519.  586.  517.  578.]
 [ 653.  556.  380.  606.  623.  622.  693.  649.  721.  502.  547.  581.
   622.  627.  522.  602.  707.  621.  670.  620.  716.  783.  461.  623.
   762.  645.  578.  599.]
 [ 624.  461.  396.  626.  625.  523.  584.  533.  515.  443.  495.  652.
   612.  619.  492.  612.  681.  679.  688.  699.  723.  732.  446.  579.
   554.  692.  640.  602.]
 [ 586.  414.  401.  553.  446.  436.  509.  412.  586.  368.  448.  546.
   539.  499.  445.  409.  543.  489.  430.  527.  605.  496.  334.  481.
   527.  519.  531.  446.]
 [ 769.  638.  552.  747.  775.  684.  729.  710.  812.  643.  570.  820.
   733.  672.  618.  774.  810.  774.  732.  753.  873.  913.  577.  730.
   685.  904.  706.  768.]
 [ 573.  621.  357.  535.  537.  573.  551.  525.  587.  516.  437.  609.
   605.  586.  494.  498.  769.  596.  673.  535.  713.  672.  416.  551.
   519.  639.  486.  540.]
 [ 503.  353.  329.  422.  400.  418.  495.  390.  496.  437.  444.  392.
   497.  428.  359.  451.  518.  426.  475.  447.  590.  527.  357.  482.
   512.  514.  426.  496.]
 [ 558.  414.  350.  478.  520.  465.  602.  517.  593.  470.  422.  557.
   563.  494.  371.  496.  634.  477.  609.  500.  685.  701.  430.  441.
   549.  638.  453.  463.]
 [ 586.  550.  311.  566.  475.  477.  417.  491.  567.  335.  480.  581.
   522.  515.  512.  554.  610.  527.  597.  551.  641.  624.  414.  474.
   524.  624.  597.  453.]
 [ 500.  478.  337.  520.  477.  498.  591.  578.  566.  361.  389.  521.
   482.  460.  401.  442.  589.  551.  508.  550.  565.  582.  369.  468.
   515.  521.  438.  425.]
 [ 682.  515.  408.  685.  616.  562.  780.  618.  743.  533.  593.  681.
   597.  663.  548.  626.  706.  664.  695.  684.  723.  780.  519.  623.
   680.  702.  643.  642.]
 [ 785.  620.  532.  775.  789.  765.  780.  688.  802.  544.  576.  830.
   778.  789.  617.  690.  825.  785.  800.  809.  858.  897.  570.  710.
   722.  908.  708.  731.]
 [ 605.  487.  437.  587.  641.  629.  686.  656.  662.  501.  480.  650.
   622.  579.  476.  569.  646.  674.  564.  635.  671.  740.  474.  601.
   527.  725.  492.  670.]
 [ 631.  574.  409.  681.  671.  598.  585.  656.  734.  516.  468.  658.
   623.  543.  483.  573.  721.  691.  590.  559.  761.  690.  470.  579.
   651.  642.  602.  621.]
 [ 687.  569.  387.  726.  621.  573.  727.  678.  652.  495.  545.  749.
   714.  629.  593.  671.  709.  722.  703.  690.  726.  798.  503.  591.
   719.  646.  691.  556.]
 [ 633.  471.  423.  648.  564.  521.  557.  582.  633.  519.  440.  546.
   592.  559.  517.  507.  647.  582.  585.  515.  696.  698.  462.  563.
   643.  567.  545.  597.]
 [ 441.  434.  270.  475.  529.  472.  508.  513.  564.  422.  421.  475.
   470.  442.  386.  494.  570.  483.  491.  453.  517.  568.  395.  479.
   510.  577.  465.  554.]
 [ 601.  456.  276.  477.  522.  574.  589.  533.  591.  409.  435.  501.
   612.  595.  440.  514.  661.  514.  572.  544.  591.  646.  359.  502.
   617.  571.  545.  447.]
 [ 662.  580.  388.  667.  655.  535.  485.  531.  635.  492.  443.  705.
   595.  589.  528.  601.  670.  677.  634.  637.  746.  659.  425.  606.
   590.  695.  648.  589.]]
##########

                                   ___
                               ,-""   `.
       Thank Mr. Goose       ,'  _   ' )`-._
                            /  ,' `-._<.===-'
                           /  /
                          /  ;
              _          /   ;
 (`._    _.-"" ""--..__,'    |
 <_  `-""                     \
  <`-                          :
   (__   <__.                  ;
     `-.   '-.__.      _.'    /
        \      `-.__,-'    _,'
         `._    ,    /__,-'
            ""._\__,'< <____
                 | |  `----.`.
                 | |        \ `.
                 ; |___      \-``
                 \   --<
                  `.`.<
                    `-'
                    

##########
