Matrix 0 (A) is
[[ 7.  4.  8.  4.  6.  5.  8.  0.  4.  3.  0.  9.  5.  0.  4.  3.]
 [ 8.  7.  6.  9.  7.  9.  9.  0.  9.  1.  8.  6.  2.  1.  6.  8.]
 [ 4.  1.  1.  3.  8.  4.  8.  1.  2.  8.  7.  8.  6.  7.  1.  8.]
 [ 0.  1.  9.  8.  2.  4.  1.  0.  5.  6.  6.  3.  6.  2.  3.  8.]
 [ 2.  2.  2.  9.  1.  3.  7.  6.  9.  2.  0.  5.  3.  0.  2.  7.]
 [ 6.  9.  0.  2.  9.  4.  6.  3.  4.  5.  0.  7.  7.  0.  5.  6.]
 [ 4.  0.  6.  1.  9.  5.  7.  5.  8.  2.  5.  3.  2.  9.  4.  0.]
 [ 4.  2.  7.  2.  2.  5.  5.  4.  0.  6.  8.  1.  3.  7.  4.  3.]
 [ 2.  8.  7.  4.  1.  7.  4.  8.  7.  2.  6.  7.  3.  5.  6.  3.]
 [ 1.  2.  4.  9.  0.  0.  0.  3.  3.  5.  3.  6.  2.  4.  3.  7.]
 [ 7.  2.  9.  5.  8.  7.  5.  1.  5.  7.  1.  1.  6.  2.  4.  8.]
 [ 5.  3.  8.  2.  4.  5.  8.  2.  2.  2.  7.  7.  9.  8.  4.  5.]
 [ 6.  5.  7.  4.  4.  6.  6.  2.  4.  6.  8.  4.  2.  2.  4.  5.]
 [ 2.  4.  8.  8.  4.  4.  4.  8.  7.  3.  2.  7.  0.  3.  4.  5.]
 [ 7.  3.  5.  7.  2.  2.  0.  5.  4.  9.  0.  9.  8.  5.  1.  1.]
 [ 4.  5.  6.  0.  9.  8.  7.  5.  5.  5.  4.  4.  0.  1.  6.  0.]]
Matrix 1 (B) is
[[ 1.  2.  2.  3.  6.  4.  7.  8.  8.  3.  0.  2.  9.  6.  8.  5.]
 [ 4.  5.  8.  3.  0.  9.  6.  8.  4.  0.  2.  7.  9.  9.  1.  0.]
 [ 0.  6.  0.  2.  7.  9.  5.  0.  0.  1.  0.  3.  7.  2.  2.  5.]
 [ 5.  4.  0.  8.  3.  8.  0.  2.  7.  8.  7.  1.  6.  5.  6.  3.]
 [ 7.  2.  6.  0.  3.  0.  8.  0.  3.  6.  7.  5.  0.  3.  5.  4.]
 [ 2.  4.  9.  6.  5.  1.  2.  4.  9.  1.  4.  0.  9.  4.  0.  5.]
 [ 5.  9.  5.  8.  2.  3.  4.  4.  4.  2.  3.  7.  7.  6.  9.  5.]
 [ 5.  4.  2.  4.  4.  6.  9.  2.  3.  0.  6.  8.  6.  9.  9.  6.]
 [ 1.  0.  1.  1.  9.  7.  6.  1.  9.  7.  1.  8.  1.  4.  4.  1.]
 [ 4.  4.  6.  7.  2.  0.  0.  8.  9.  0.  9.  4.  1.  8.  1.  1.]
 [ 9.  3.  2.  3.  3.  7.  9.  3.  3.  2.  6.  4.  5.  7.  5.  5.]
 [ 5.  7.  7.  1.  9.  5.  0.  2.  9.  6.  6.  8.  9.  7.  8.  1.]
 [ 2.  8.  0.  7.  4.  6.  9.  4.  3.  3.  9.  5.  2.  4.  6.  3.]
 [ 0.  4.  1.  2.  7.  7.  2.  9.  4.  0.  9.  5.  8.  5.  9.  6.]
 [ 7.  5.  0.  0.  7.  7.  2.  5.  7.  4.  9.  6.  2.  0.  8.  4.]
 [ 3.  1.  3.  6.  3.  6.  1.  5.  0.  8.  5.  7.  4.  8.  8.  7.]]
Answer is
[[ 243.  340.  261.  262.  349.  346.  283.  249.  382.  255.  303.  342.
   398.  347.  379.  244.]
 [ 378.  382.  338.  365.  443.  515.  404.  350.  513.  380.  412.  453.
   535.  498.  511.  363.]
 [ 312.  337.  293.  324.  335.  335.  305.  331.  388.  267.  455.  392.
   387.  447.  460.  305.]
 [ 226.  262.  161.  279.  300.  372.  235.  218.  297.  250.  343.  285.
   297.  324.  308.  244.]
 [ 216.  247.  177.  277.  286.  338.  224.  194.  330.  269.  280.  331.
   310.  345.  366.  219.]
 [ 294.  321.  311.  276.  303.  337.  330.  311.  394.  263.  376.  403.
   363.  414.  402.  239.]
 [ 250.  285.  212.  210.  372.  343.  350.  246.  356.  205.  350.  356.
   354.  332.  411.  293.]
 [ 235.  283.  189.  254.  279.  331.  281.  284.  289.  133.  340.  281.
   356.  340.  342.  278.]
 [ 296.  352.  267.  277.  397.  481.  355.  305.  415.  226.  383.  423.
   474.  441.  426.  294.]
 [ 195.  209.  130.  218.  251.  323.  150.  206.  266.  216.  303.  262.
   274.  303.  307.  190.]
 [ 251.  313.  250.  323.  354.  368.  326.  300.  383.  276.  372.  343.
   372.  382.  390.  313.]
 [ 284.  396.  247.  311.  394.  442.  370.  330.  368.  237.  422.  401.
   465.  419.  480.  336.]
 [ 293.  314.  265.  293.  332.  388.  324.  303.  384.  229.  347.  349.
   414.  411.  379.  288.]
 [ 269.  300.  228.  263.  366.  421.  285.  235.  375.  265.  344.  382.
   405.  398.  408.  274.]
 [ 208.  308.  207.  276.  346.  357.  266.  293.  405.  214.  377.  325.
   371.  389.  372.  216.]
 [ 286.  296.  291.  221.  319.  306.  329.  246.  378.  185.  317.  344.
   360.  348.  336.  255.]]
Your answer is:
[[ 243.  340.  261.  262.  349.  346.  283.  249.  382.  255.  303.  342.
   398.  347.  379.  244.]
 [ 378.  382.  338.  365.  443.  515.  404.  350.  513.  380.  412.  453.
   535.  498.  511.  363.]
 [ 312.  337.  293.  324.  335.  335.  305.  331.  388.  267.  455.  392.
   387.  447.  460.  305.]
 [ 226.  262.  161.  279.  300.  372.  235.  218.  297.  250.  343.  285.
   297.  324.  308.  244.]
 [ 216.  247.  177.  277.  286.  338.  224.  194.  330.  269.  280.  331.
   310.  345.  366.  219.]
 [ 294.  321.  311.  276.  303.  337.  330.  311.  394.  263.  376.  403.
   363.  414.  402.  239.]
 [ 250.  285.  212.  210.  372.  343.  350.  246.  356.  205.  350.  356.
   354.  332.  411.  293.]
 [ 235.  283.  189.  254.  279.  331.  281.  284.  289.  133.  340.  281.
   356.  340.  342.  278.]
 [ 296.  352.  267.  277.  397.  481.  355.  305.  415.  226.  383.  423.
   474.  441.  426.  294.]
 [ 195.  209.  130.  218.  251.  323.  150.  206.  266.  216.  303.  262.
   274.  303.  307.  190.]
 [ 251.  313.  250.  323.  354.  368.  326.  300.  383.  276.  372.  343.
   372.  382.  390.  313.]
 [ 284.  396.  247.  311.  394.  442.  370.  330.  368.  237.  422.  401.
   465.  419.  480.  336.]
 [ 293.  314.  265.  293.  332.  388.  324.  303.  384.  229.  347.  349.
   414.  411.  379.  288.]
 [ 269.  300.  228.  263.  366.  421.  285.  235.  375.  265.  344.  382.
   405.  398.  408.  274.]
 [ 208.  308.  207.  276.  346.  357.  266.  293.  405.  214.  377.  325.
   371.  389.  372.  216.]
 [ 286.  296.  291.  221.  319.  306.  329.  246.  378.  185.  317.  344.
   360.  348.  336.  255.]]
##########

                                   ___
                               ,-""   `.
       Thank Mr. Goose       ,'  _   ' )`-._
                            /  ,' `-._<.===-'
                           /  /
                          /  ;
              _          /   ;
 (`._    _.-"" ""--..__,'    |
 <_  `-""                     \
  <`-                          :
   (__   <__.                  ;
     `-.   '-.__.      _.'    /
        \      `-.__,-'    _,'
         `._    ,    /__,-'
            ""._\__,'< <____
                 | |  `----.`.
                 | |        \ `.
                 ; |___      \-``
                 \   --<
                  `.`.<
                    `-'
                    

##########
