Matrix 0 (A) is
[[ 9.  1.  3.  7.  6.  1.  1.  0.  9.  2.  2.  7.  7.  4.  6.  9.]
 [ 7.  6.  9.  4.  7.  7.  7.  5.  8.  1.  1.  8.  8.  3.  6.  5.]
 [ 2.  4.  4.  0.  7.  3.  3.  3.  7.  8.  7.  9.  9.  8.  8.  7.]
 [ 8.  5.  6.  6.  4.  2.  1.  3.  1.  5.  0.  2.  0.  3.  2.  8.]
 [ 5.  3.  3.  0.  7.  8.  8.  5.  0.  1.  3.  9.  7.  2.  7.  3.]
 [ 5.  0.  2.  4.  8.  8.  1.  5.  3.  0.  1.  9.  0.  4.  1.  6.]
 [ 2.  7.  6.  2.  4.  7.  3.  1.  1.  8.  6.  8.  5.  0.  4.  4.]
 [ 2.  4.  6.  5.  2.  6.  9.  3.  8.  1.  4.  7.  1.  1.  0.  3.]
 [ 4.  3.  6.  5.  4.  0.  6.  3.  8.  2.  3.  3.  1.  6.  9.  8.]
 [ 9.  1.  0.  3.  3.  9.  1.  5.  1.  1.  8.  3.  7.  5.  1.  1.]
 [ 1.  3.  4.  4.  7.  9.  0.  3.  6.  6.  4.  2.  0.  1.  2.  0.]
 [ 1.  8.  5.  6.  5.  8.  8.  9.  6.  9.  7.  0.  7.  1.  2.  5.]
 [ 5.  6.  4.  6.  5.  5.  7.  2.  6.  4.  2.  3.  7.  6.  4.  9.]
 [ 8.  5.  9.  8.  9.  9.  5.  3.  5.  1.  1.  4.  8.  6.  9.  7.]
 [ 9.  5.  9.  4.  2.  8.  8.  3.  2.  4.  6.  2.  6.  5.  1.  0.]
 [ 6.  5.  8.  5.  5.  5.  1.  5.  2.  0.  0.  3.  2.  6.  9.  4.]]
Matrix 1 (B) is
[[ 7.  2.  4.  7.  5.  6.  0.  9.  6.  4.  8.  7.  5.  4.  1.  4.]
 [ 2.  2.  6.  7.  2.  2.  0.  7.  6.  1.  8.  8.  8.  1.  0.  4.]
 [ 7.  2.  9.  9.  0.  8.  7.  0.  0.  9.  1.  3.  0.  4.  2.  5.]
 [ 7.  2.  5.  3.  5.  7.  1.  8.  8.  4.  5.  6.  7.  4.  8.  0.]
 [ 8.  0.  3.  4.  4.  5.  5.  8.  6.  6.  5.  2.  1.  2.  0.  5.]
 [ 4.  5.  8.  4.  2.  2.  6.  8.  3.  2.  5.  6.  2.  1.  5.  6.]
 [ 9.  1.  1.  2.  8.  8.  9.  7.  4.  4.  3.  4.  6.  1.  0.  5.]
 [ 9.  2.  0.  4.  0.  5.  2.  3.  1.  9.  9.  6.  7.  6.  8.  8.]
 [ 5.  2.  5.  8.  4.  0.  0.  3.  4.  5.  6.  3.  8.  1.  8.  2.]
 [ 1.  9.  2.  8.  8.  3.  1.  2.  6.  0.  6.  7.  4.  2.  3.  3.]
 [ 6.  6.  7.  4.  3.  2.  0.  1.  9.  1.  0.  0.  1.  0.  2.  3.]
 [ 6.  4.  0.  4.  4.  5.  9.  8.  9.  1.  6.  7.  9.  7.  3.  2.]
 [ 8.  6.  3.  2.  9.  1.  6.  4.  1.  1.  7.  0.  5.  0.  7.  0.]
 [ 7.  7.  3.  9.  8.  3.  8.  4.  9.  0.  3.  4.  5.  5.  0.  1.]
 [ 6.  2.  4.  1.  0.  3.  0.  4.  3.  7.  7.  9.  8.  8.  9.  4.]
 [ 0.  8.  4.  4.  1.  1.  5.  0.  1.  1.  2.  8.  1.  5.  5.  5.]]
Answer is
[[ 417.  276.  287.  364.  306.  260.  257.  364.  358.  246.  385.  376.
   373.  266.  327.  213.]
 [ 560.  288.  375.  451.  341.  369.  387.  472.  383.  364.  488.  455.
   458.  298.  360.  339.]
 [ 487.  390.  327.  446.  377.  279.  356.  372.  434.  258.  439.  420.
   426.  291.  340.  288.]
 [ 281.  211.  239.  318.  192.  243.  182.  268.  256.  203.  287.  338.
   242.  210.  189.  215.]
 [ 452.  237.  248.  286.  274.  291.  341.  398.  314.  256.  381.  357.
   347.  241.  254.  285.]
 [ 336.  199.  209.  276.  190.  231.  268.  329.  290.  205.  293.  308.
   258.  223.  213.  228.]
 [ 341.  286.  295.  335.  255.  248.  265.  320.  327.  192.  334.  351.
   302.  196.  232.  247.]
 [ 369.  193.  262.  312.  235.  265.  273.  316.  295.  228.  285.  296.
   314.  172.  226.  230.]
 [ 406.  242.  285.  359.  249.  277.  250.  299.  321.  286.  334.  378.
   357.  270.  293.  251.]
 [ 369.  240.  246.  273.  252.  203.  206.  319.  303.  165.  306.  251.
   252.  157.  217.  203.]
 [ 279.  184.  252.  283.  177.  185.  159.  261.  257.  196.  264.  249.
   218.  133.  208.  204.]
 [ 481.  334.  363.  423.  344.  316.  288.  383.  365.  303.  443.  409.
   395.  206.  352.  340.]
 [ 444.  314.  327.  401.  347.  294.  322.  390.  364.  251.  402.  410.
   385.  242.  305.  273.]
 [ 581.  321.  427.  465.  358.  389.  389.  501.  413.  377.  496.  492.
   444.  327.  388.  346.]
 [ 462.  265.  342.  397.  323.  327.  301.  377.  345.  256.  354.  333.
   319.  188.  220.  270.]
 [ 397.  204.  293.  337.  193.  279.  242.  329.  282.  292.  352.  374.
   320.  272.  267.  256.]]
Your answer is:
[[ 417.  276.  287.  364.  306.  260.  257.  364.  358.  246.  385.  376.
   373.  266.  327.  213.]
 [ 560.  288.  375.  451.  341.  369.  387.  472.  383.  364.  488.  455.
   458.  298.  360.  339.]
 [ 487.  390.  327.  446.  377.  279.  356.  372.  434.  258.  439.  420.
   426.  291.  340.  288.]
 [ 281.  211.  239.  318.  192.  243.  182.  268.  256.  203.  287.  338.
   242.  210.  189.  215.]
 [ 452.  237.  248.  286.  274.  291.  341.  398.  314.  256.  381.  357.
   347.  241.  254.  285.]
 [ 336.  199.  209.  276.  190.  231.  268.  329.  290.  205.  293.  308.
   258.  223.  213.  228.]
 [ 341.  286.  295.  335.  255.  248.  265.  320.  327.  192.  334.  351.
   302.  196.  232.  247.]
 [ 369.  193.  262.  312.  235.  265.  273.  316.  295.  228.  285.  296.
   314.  172.  226.  230.]
 [ 406.  242.  285.  359.  249.  277.  250.  299.  321.  286.  334.  378.
   357.  270.  293.  251.]
 [ 369.  240.  246.  273.  252.  203.  206.  319.  303.  165.  306.  251.
   252.  157.  217.  203.]
 [ 279.  184.  252.  283.  177.  185.  159.  261.  257.  196.  264.  249.
   218.  133.  208.  204.]
 [ 481.  334.  363.  423.  344.  316.  288.  383.  365.  303.  443.  409.
   395.  206.  352.  340.]
 [ 444.  314.  327.  401.  347.  294.  322.  390.  364.  251.  402.  410.
   385.  242.  305.  273.]
 [ 581.  321.  427.  465.  358.  389.  389.  501.  413.  377.  496.  492.
   444.  327.  388.  346.]
 [ 462.  265.  342.  397.  323.  327.  301.  377.  345.  256.  354.  333.
   319.  188.  220.  270.]
 [ 397.  204.  293.  337.  193.  279.  242.  329.  282.  292.  352.  374.
   320.  272.  267.  256.]]
##########

                                   ___
                               ,-""   `.
       Thank Mr. Goose       ,'  _   ' )`-._
                            /  ,' `-._<.===-'
                           /  /
                          /  ;
              _          /   ;
 (`._    _.-"" ""--..__,'    |
 <_  `-""                     \
  <`-                          :
   (__   <__.                  ;
     `-.   '-.__.      _.'    /
        \      `-.__,-'    _,'
         `._    ,    /__,-'
            ""._\__,'< <____
                 | |  `----.`.
                 | |        \ `.
                 ; |___      \-``
                 \   --<
                  `.`.<
                    `-'
                    

##########
